[af]
WeiShu=2
N=3
Angle=45
X0=-227.568609
Y0=0.000000
Z0=0
XMAX=50
YMAX=50
ZMAX=50
Rule_0=AF
Rule_1=A=AF+F+BF-F-AF-F-BF-F-AF+F+BF+F+AF+F+BF-F-A
Rule_2=B=BF-F-AF+F+BF+F+AF+F+BF-F-AF-F-BF-F-AF+F+B
Len=7.137218
[F]
WeiShu=2
N=6
Angle=60
Len=0.709610
X0=-258.652921
Y0=224.000000
Z0=0
Rule_0=F--F--F
Rule_1=F=F-F++F-F
[fx]
WeiShu=2
N=5
Angle=45
Len=64.043671
X0=-181.142857
Y0=135.857143
Z0=0
Rule_0=FX
Rule_1=F=
Rule_2=X=-FX++FX-
[FB]
WeiShu=2
N=5
Angle=90
Len=5.397590
X0=-8.096386
Y0=213.204819
Z0=0
Rule_0=FB
Rule_1=F=
Rule_2=H=-
Rule_3=A=FBFA+HFA+FB-FA
Rule_4=J=+
Rule_5=B=FB+FA-FB-JFBFA
